,eZero,peakDose,rMax
0,50.0,0.07854964422678777,2.4
1,50.5,0.07541790310030795,2.4
2,51.0,0.07533099018618233,2.5
3,51.5,0.07607854748770494,2.5
4,52.0,0.0708020429683164,2.6
5,52.5,0.07590233180533643,2.6
6,53.0,0.07091298699784684,2.6
7,53.5,0.07491037603762632,2.7
8,54.0,0.07142384811497114,2.7
9,54.5,0.07329074297078828,2.8
10,55.0,0.07160138076265443,2.8
11,55.5,0.07130845083856775,2.9
12,56.0,0.0714474237479891,2.9
13,56.5,0.0692235266390422,3.0
14,57.0,0.07101179423738886,3.0
15,57.5,0.06724332329472191,3.1
16,58.0,0.07037016218161006,3.1
17,58.5,0.06614371502859108,3.1
18,59.0,0.06960187023056742,3.2
19,59.5,0.0658303668640093,3.2
20,60.0,0.06877431169453367,3.3
21,60.5,0.06538180888213369,3.3
22,61.0,0.067935159057379,3.4
23,61.5,0.06481731842019145,3.4
24,62.0,0.06711085559646857,3.5
25,62.5,0.06415495638555385,3.5
26,63.0,0.06630904991854633,3.6
27,63.5,0.06340965173626387,3.6
28,64.0,0.06552301213347439,3.7
29,64.5,0.06259281053826073,3.7
30,65.0,0.06473670848758092,3.8
31,65.5,0.06171296030384817,3.8
32,66.0,0.06392974349319533,3.9
33,66.5,0.06166312477630553,4.0
34,67.0,0.06308171299173415,4.0
35,67.5,0.061677176375553866,4.1
36,68.0,0.06217569027122496,4.1
37,68.5,0.06158369500745547,4.2
38,69.0,0.06120066640617627,4.2
39,69.5,0.06133653818249673,4.3
40,70.0,0.06015284848789566,4.3
41,70.5,0.06090557821786113,4.4
42,71.0,0.05903581904613792,4.4
43,71.5,0.06027815321755974,4.5
44,72.0,0.05847380048187851,4.6
45,72.5,0.05945872534290041,4.6
46,73.0,0.05875498617036606,4.7
47,73.5,0.058466720650159024,4.7
48,74.0,0.05864398904549176,4.8
49,74.5,0.057332860307273775,4.8
50,75.0,0.05816876250027526,4.9
51,75.5,0.05666083056819793,5.0
52,76.0,0.057379662690978356,5.0
53,76.5,0.05696857132510097,5.1
54,77.0,0.056341741231772005,5.1
55,77.5,0.05675025060859462,5.2
56,78.0,0.05512605107306455,5.2
57,78.5,0.05609331255600941,5.3
58,79.0,0.05557423961633386,5.4
59,79.5,0.05510171803210124,5.4
60,80.0,0.055417784927771316,5.5
61,80.5,0.0540659711259217,5.6
62,81.0,0.05474986684705583,5.6
63,81.5,0.05445111252956066,5.7
64,82.0,0.05371187027201731,5.7
65,82.5,0.05415208632633718,5.8
66,83.0,0.0533458643448667,5.9
67,83.5,0.053337523844168996,5.9
68,84.0,0.05340801330656236,6.0
69,84.5,0.05223461380938797,6.1
70,85.0,0.05282042920933444,6.1
71,85.5,0.05260938962494264,6.2
72,86.0,0.05178381247186693,6.2
73,86.5,0.05222063413926623,6.3
74,87.0,0.05182549906020929,6.4
75,87.5,0.05129354630082522,6.4
76,88.0,0.0515856120796682,6.5
77,88.5,0.0510985998110473,6.6
78,89.0,0.05073870315938233,6.6
79,89.5,0.05094580828588042,6.7
80,90.0,0.05044571363691747,6.8
81,90.5,0.050140757953169586,6.8
82,91.0,0.05031493159547026,6.9
83,91.5,0.049863511217490886,7.0
84,92.0,0.049511108113717436,7.0
85,92.5,0.04969297552258454,7.1
86,93.0,0.04933420184484409,7.2
87,93.5,0.04885288103364871,7.2
88,94.0,0.04907042514306472,7.3
89,94.5,0.04883135114804751,7.4
90,95.0,0.04816373698229378,7.4
91,95.5,0.04843266336476371,7.5
92,96.0,0.04832515831356081,7.6
93,96.5,0.047751876557836574,7.7
94,97.0,0.04776399505124018,7.7
95,97.5,0.04778698587104603,7.8
96,98.0,0.04743109100555148,7.9
97,98.5,0.04705094407757625,7.9
98,99.0,0.0471929964106276,8.0
99,99.5,0.04703485330314699,8.1
100,100.0,0.046522222536121136,8.2
101,100.5,0.046526743653432574,8.2
102,101.0,0.046538324958803064,8.3
103,101.5,0.04627117749511293,8.4
104,102.0,0.045780579311389034,8.4
105,102.5,0.04592853521378955,8.5
106,103.0,0.04586471985559626,8.6
107,103.5,0.04555397479536739,8.7
108,104.0,0.04520463169292541,8.7
109,104.5,0.04529892041495736,8.8
110,105.0,0.04520770189232065,8.9
111,105.5,0.044905221604524224,9.0
112,106.0,0.044584207650459576,9.0
113,106.5,0.04465850030479742,9.1
114,107.0,0.04457630119772083,9.2
115,107.5,0.04431844753214745,9.3
116,108.0,0.04393119580655933,9.3
117,108.5,0.04400953642077458,9.4
118,109.0,0.04396013377714582,9.5
119,109.5,0.04376846546841965,9.6
120,110.0,0.0434238984043631,9.7
121,110.5,0.0433422858928426,9.7
122,111.0,0.04333770280113028,9.8
123,111.5,0.04322092134541241,9.9
124,112.0,0.042983448711921,10.0
125,112.5,0.04264179402023814,10.0
126,113.0,0.04268421742195169,10.1
127,113.5,0.04264065562924312,10.2
128,114.0,0.042504271515437515,10.3
129,114.5,0.04227025431772673,10.4
130,115.0,0.04197802852434038,10.4
131,115.5,0.04199837274726035,10.5
132,116.0,0.04194942647567361,10.6
133,116.5,0.0418270397029757,10.7
134,117.0,0.041628488363843294,10.8
135,117.5,0.04135253757396381,10.9
136,118.0,0.04129529851584121,10.9
137,118.5,0.041261905903937954,11.0
138,119.0,0.04117252280315861,11.1
139,119.5,0.041025565025451544,11.2
140,120.0,0.04082042332760715,11.3
141,120.5,0.04056488609650435,11.3
142,121.0,0.04055631706412618,11.4
143,121.5,0.04050648115515995,11.5
144,122.0,0.04041441895039266,11.6
145,122.5,0.040279793333712434,11.7
146,123.0,0.040102875478419155,11.8
147,123.5,0.039884513574107355,11.9
148,124.0,0.039791875048543084,11.9
149,124.5,0.039748759166954584,12.0
150,125.0,0.03967537240127835,12.1
151,125.5,0.039571880508249786,12.2
152,126.0,0.03943880984001584,12.3
153,126.5,0.039277020918138957,12.4
154,127.0,0.03908767598835022,12.5
155,127.5,0.03896777215751665,12.5
156,128.0,0.03892018226341791,12.6
157,128.5,0.038852026759617325,12.7
158,129.0,0.038763818421630916,12.8
159,129.5,0.03865625888678751,12.9
160,130.0,0.038530218147306804,13.0
161,130.5,0.038386712413543675,13.1
162,131.0,0.038226881110608096,13.2
163,131.5,0.03806609308366409,13.2
164,132.0,0.03801436664947511,13.3
165,132.5,0.03794983773848627,13.4
166,133.0,0.03787310942270881,13.5
167,133.5,0.037784864075907726,13.6
168,134.0,0.037685850340314894,13.7
169,134.5,0.03757687016565167,13.8
170,135.0,0.03745876618479267,13.9
171,135.5,0.03733240964368021,14.0
172,136.0,0.037198689057168416,14.1
173,136.5,0.037058499718920807,14.2
174,137.0,0.036955032764770884,14.2
175,137.5,0.03688883176871691,14.3
176,138.0,0.03681644996031695,14.4
177,138.5,0.03673841591104746,14.5
178,139.0,0.036655265796735434,14.6
179,139.5,0.03656753765008767,14.7
180,140.0,0.036475766107935674,14.8
181,140.5,0.03638047767704032,14.9
182,141.0,0.036282186528491196,15.0
183,141.5,0.03618139081900533,15.1
184,142.0,0.036078569527733986,15.2
185,142.5,0.03597417978941688,15.3
186,143.0,0.03586865469873687,15.4
187,143.5,0.03576240155634564,15.5
188,144.0,0.03565580052406643,15.6
189,144.5,0.035549203655038566,15.7
190,145.0,0.035442934263855884,15.8
191,145.5,0.03534891413465799,15.8
192,146.0,0.035272262914683924,15.9
193,146.5,0.03519423818281988,16.0
194,147.0,0.03511504839122,16.1
195,147.5,0.03503488549316101,16.2
196,148.0,0.034953924622423416,16.3
197,148.5,0.03487232394814545,16.4
198,149.0,0.034790224688387265,16.5
199,149.5,0.034707751266031935,16.6
200,150.0,0.034625011591237126,16.7
201,150.5,0.034542097455386056,16.8
202,151.0,0.03445908502232187,16.9
203,151.5,0.03437603540355246,17.0
204,152.0,0.03429299530504767,17.1
205,152.5,0.034209997734193094,17.2
206,153.0,0.03412706275639646,17.3
207,153.5,0.03404419829174166,17.4
208,154.0,0.033961400942946265,17.5
209,154.5,0.03387865684668667,17.6
210,155.0,0.03379594254110945,17.7
211,155.5,0.03371322584304188,17.8
212,156.0,0.03363046672904917,17.9
213,156.5,0.033135884979069365,17.9
214,157.0,0.03234700087377848,17.9
215,157.5,0.03145442391987523,17.9
216,158.0,0.03057361833732933,17.9
217,158.5,0.02976012989415525,17.9
218,159.0,0.029031190329729416,17.9
219,159.5,0.028384197704808104,17.9
220,160.0,0.027808836282650445,17.9
221,160.5,0.02729346727261294,17.9
222,161.0,0.02682775157697974,17.9
223,161.5,0.02640330486584633,17.9
224,162.0,0.026013546046510794,17.9
225,162.5,0.025653327336912606,17.9
226,163.0,0.02531857975694364,17.9
227,163.5,0.02500603663648346,17.9
228,164.0,0.024713033144668037,17.9
229,164.5,0.024437363550339142,17.9
230,165.0,0.024177179066931936,17.9
231,165.5,0.023930913081617357,17.9
232,166.0,0.023697225612074775,17.9
233,166.5,0.023474961044414995,17.9
234,167.0,0.023263115476016893,17.9
235,167.5,0.023060811094489885,17.9
236,168.0,0.0228672758139059,17.9
237,168.5,0.0226818269039009,17.9
238,169.0,0.022503857695250117,17.9
239,169.5,0.022332826685460314,17.9
240,170.0,0.02216824853756341,17.9
241,170.5,0.02200968658740966,17.9
242,171.0,0.02185674656388946,17.9
243,171.5,0.021709071292429796,17.9
244,172.0,0.021566336201693053,17.9
245,172.5,0.02142824549108169,17.9
246,173.0,0.021294528845301256,17.9
247,173.5,0.02116493860465568,17.9
248,174.0,0.021039247317050612,17.9
249,174.5,0.020917245611485263,17.9
250,175.0,0.02079874034356229,17.9
251,175.5,0.020683552972280986,17.9
252,176.0,0.02057151813433707,17.9
253,176.5,0.020462482387739206,17.9
254,177.0,0.02035630310122337,17.9
255,177.5,0.0202528474695972,17.9
256,178.0,0.020151991638287958,17.9
257,178.5,0.020053619922887744,17.9
258,179.0,0.019957624111604788,17.9
259,179.5,0.019863902840287936,17.9
260,180.0,0.019772361031163654,17.9
261,180.5,0.019682909387660673,17.9
262,181.0,0.019595463938748853,17.9
263,181.5,0.01950994562707587,17.9
264,182.0,0.019426279935980846,17.9
265,182.5,0.01934439655105578,17.9
266,183.0,0.019264229052502448,17.9
267,183.5,0.019185714634989474,17.9
268,184.0,inf,0.0
269,184.5,inf,0.0
270,185.0,inf,0.0
271,185.5,inf,0.0
272,186.0,inf,0.0
273,186.5,inf,0.0
274,187.0,inf,0.0
275,187.5,inf,0.0
276,188.0,inf,0.0
277,188.5,inf,0.0
278,189.0,inf,0.0
279,189.5,inf,0.0
280,190.0,inf,0.0
281,190.5,inf,0.0
282,191.0,inf,0.0
283,191.5,inf,0.0
284,192.0,inf,0.0
285,192.5,inf,0.0
286,193.0,inf,0.0
287,193.5,inf,0.0
288,194.0,inf,0.0
289,194.5,inf,0.0
290,195.0,inf,0.0
291,195.5,inf,0.0
292,196.0,inf,0.0
293,196.5,inf,0.0
294,197.0,inf,0.0
295,197.5,inf,0.0
296,198.0,inf,0.0
297,198.5,inf,0.0
298,199.0,inf,0.0
299,199.5,inf,0.0
